Algorithm: RankSVM-Struct
Dataset:   MQ2007

Performance on testing set
Para	NDCG@1	NDCG@2	NDCG@3	NDCG@4	NDCG@5	NDCG@6	NDCG@7	NDCG@8	NDCG@9	NDCG@10	MeanNDCG
0.5	0.4395	0.4613	0.4561	0.4517	0.4542	0.4617	0.4665	0.4730	0.4752	0.4818	0.5278	
5	0.4002	0.3889	0.3904	0.3902	0.3950	0.4006	0.4064	0.4100	0.4174	0.4266	0.4810	
0.5	0.4326	0.4135	0.4184	0.4214	0.4297	0.4318	0.4319	0.4357	0.4395	0.4461	0.5042	
0.5	0.3628	0.3702	0.3584	0.3667	0.3788	0.3841	0.3950	0.4023	0.4083	0.4163	0.4699	
2	0.4130	0.4029	0.4081	0.4122	0.4136	0.4193	0.4263	0.4322	0.4406	0.4485	0.5003	
Avg	0.40962	0.40736	0.40628	0.40844	0.41426	0.4195	0.42522	0.43064	0.4362	0.44386	0.49664	

Para	P@1	P@2	P@3	P@4	P@5	P@6	P@7	P@8	P@9	P@10	MAP
0.5	0.5089	0.4896	0.4702	0.4501	0.4369	0.4291	0.4196	0.4167	0.4081	0.4036	0.4894	
5	0.4631	0.4381	0.4297	0.4174	0.4147	0.4081	0.4029	0.3956	0.3940	0.3932	0.4573	
0.5	0.4897	0.4543	0.4307	0.4159	0.4130	0.4002	0.3906	0.3835	0.3763	0.3699	0.4676	
0.5	0.4395	0.4292	0.3972	0.3938	0.3935	0.3845	0.3831	0.3768	0.3671	0.3652	0.4401	
2	0.4720	0.4366	0.4297	0.4196	0.4094	0.4022	0.4008	0.3931	0.3887	0.3847	0.4680	
Avg	0.47464	0.44956	0.4315	0.41936	0.4135	0.40482	0.3994	0.39314	0.38684	0.38332	0.46448	

Performance on validation set
Para	NDCG@1	NDCG@2	NDCG@3	NDCG@4	NDCG@5	NDCG@6	NDCG@7	NDCG@8	NDCG@9	NDCG@10	MeanNDCG
0.5	0.4002	0.3926	0.4056	0.4104	0.4114	0.4177	0.4240	0.4328	0.4410	0.4462	0.4989	
5	0.4425	0.4521	0.4512	0.4532	0.4604	0.4643	0.4685	0.4747	0.4787	0.4835	0.5290	
0.5	0.3933	0.3810	0.3857	0.3954	0.3974	0.4020	0.4050	0.4119	0.4169	0.4252	0.4801	
0.5	0.4110	0.4083	0.4085	0.4176	0.4222	0.4232	0.4259	0.4299	0.4342	0.4419	0.4994	
2	0.3717	0.3601	0.3687	0.3741	0.3831	0.3893	0.3944	0.4020	0.4105	0.4145	0.4711	
Avg	0.40374	0.39882	0.40394	0.41014	0.4149	0.4193	0.42356	0.43026	0.43626	0.44226	0.4957	

Para	P@1	P@2	P@3	P@4	P@5	P@6	P@7	P@8	P@9	P@10	MAP
0.5	0.4631	0.4336	0.4307	0.4211	0.4124	0.4051	0.3982	0.3964	0.3943	0.3870	0.4697	
5	0.5119	0.4926	0.4683	0.4539	0.4476	0.4375	0.4273	0.4193	0.4120	0.4060	0.4944	
0.5	0.4661	0.4381	0.4307	0.4307	0.4189	0.4115	0.4003	0.3990	0.3950	0.3947	0.4586	
0.5	0.4779	0.4484	0.4267	0.4226	0.4100	0.3938	0.3856	0.3776	0.3720	0.3693	0.4640	
2	0.4484	0.4189	0.4071	0.4004	0.3971	0.3884	0.3788	0.3750	0.3710	0.3631	0.4423	
Avg	0.47348	0.44632	0.4327	0.42574	0.4172	0.40726	0.39804	0.39346	0.38886	0.38402	0.4658	

Performance on training set
Para	NDCG@1	NDCG@2	NDCG@3	NDCG@4	NDCG@5	NDCG@6	NDCG@7	NDCG@8	NDCG@9	NDCG@10	MeanNDCG
0.5	0.3920	0.3922	0.3937	0.3964	0.4011	0.4078	0.4123	0.4185	0.4252	0.4315	0.4870	
5	0.3995	0.3979	0.4009	0.4067	0.4118	0.4173	0.4225	0.4290	0.4361	0.4416	0.4960	
0.5	0.4122	0.4122	0.4178	0.4214	0.4246	0.4305	0.4371	0.4431	0.4499	0.4535	0.5055	
0.5	0.4063	0.4119	0.4188	0.4209	0.4216	0.4268	0.4319	0.4386	0.4450	0.4510	0.5029	
2	0.4122	0.4214	0.4225	0.4245	0.4287	0.4333	0.4359	0.4412	0.4456	0.4516	0.5051	
Avg	0.40444	0.40712	0.41074	0.41398	0.41756	0.42314	0.42794	0.43408	0.44036	0.44584	0.4993	

Para	P@1	P@2	P@3	P@4	P@5	P@6	P@7	P@8	P@9	P@10	MAP
0.5	0.4582	0.4415	0.4248	0.4120	0.4033	0.3979	0.3915	0.3874	0.3827	0.3788	0.4569	
5	0.4710	0.4440	0.4264	0.4189	0.4108	0.4013	0.3943	0.3873	0.3830	0.3775	0.4629	
0.5	0.4832	0.4556	0.4428	0.4302	0.4201	0.4109	0.4045	0.3989	0.3943	0.3858	0.4720	
0.5	0.4753	0.4576	0.4500	0.4369	0.4231	0.4158	0.4088	0.4048	0.4000	0.3949	0.4727	
2	0.4793	0.4635	0.4464	0.4339	0.4237	0.4147	0.4077	0.4015	0.3949	0.3907	0.4725	
Avg	0.4734	0.45244	0.43808	0.42638	0.4162	0.40812	0.40136	0.39598	0.39098	0.38554	0.4674	

