Algorithm: RankSVM-Struct
Dataset:   MQ2008

Performance on testing set
Para	NDCG@1	NDCG@2	NDCG@3	NDCG@4	NDCG@5	NDCG@6	NDCG@7	NDCG@8	NDCG@9	NDCG@10	MeanNDCG
10	0.3611	0.3777	0.4088	0.4248	0.4469	0.4659	0.4738	0.4215	0.2078	0.2117	0.4577	
2	0.3036	0.3450	0.3761	0.4018	0.4224	0.4395	0.4406	0.4230	0.1718	0.1738	0.4296	
1	0.3461	0.3710	0.4082	0.4354	0.4452	0.4596	0.4664	0.4489	0.2433	0.2494	0.4686	
0.2	0.4161	0.4682	0.4909	0.5078	0.5290	0.5391	0.5428	0.4955	0.2860	0.2892	0.5442	
0.5	0.3864	0.4305	0.4589	0.4845	0.5042	0.5215	0.5290	0.4933	0.2107	0.2155	0.5159	
Avg	0.36266	0.39848	0.42858	0.45086	0.46954	0.48512	0.49052	0.45644	0.22392	0.22792	0.4832	

Para	P@1	P@2	P@3	P@4	P@5	P@6	P@7	P@8	P@9	P@10	MAP
10	0.4167	0.3942	0.3868	0.3654	0.3436	0.3216	0.2949	0.2748	0.2564	0.2423	0.4502	
2	0.3631	0.3471	0.3397	0.3264	0.3121	0.2972	0.2748	0.2540	0.2385	0.2229	0.4213	
1	0.4013	0.3758	0.3694	0.3487	0.3223	0.3015	0.2830	0.2675	0.2484	0.2357	0.4529	
0.2	0.4968	0.4904	0.4544	0.4299	0.4089	0.3864	0.3576	0.3368	0.3171	0.2981	0.5284	
0.5	0.4586	0.4268	0.4013	0.3774	0.3503	0.3259	0.3003	0.2779	0.2633	0.2465	0.4950	
Avg	0.4273	0.40686	0.39032	0.36956	0.34744	0.32652	0.30212	0.2822	0.26474	0.2491	0.46956	

Performance on validation set
Para	NDCG@1	NDCG@2	NDCG@3	NDCG@4	NDCG@5	NDCG@6	NDCG@7	NDCG@8	NDCG@9	NDCG@10	MeanNDCG
10	0.4204	0.4411	0.4617	0.4939	0.5150	0.5272	0.5342	0.4994	0.2176	0.2241	0.5240	
2	0.3697	0.3985	0.4200	0.4410	0.4677	0.4783	0.4868	0.4326	0.2074	0.2125	0.4729	
1	0.3248	0.3540	0.3963	0.4122	0.4323	0.4466	0.4491	0.4309	0.1747	0.1770	0.4408	
0.2	0.3928	0.3832	0.4074	0.4378	0.4527	0.4689	0.4667	0.4541	0.2463	0.2521	0.4780	
0.5	0.4352	0.4793	0.4971	0.5171	0.5372	0.5389	0.5433	0.4978	0.2858	0.2922	0.5499	
Avg	0.38858	0.41122	0.4365	0.4604	0.48098	0.49198	0.49602	0.46296	0.22636	0.23158	0.49312	

Para	P@1	P@2	P@3	P@4	P@5	P@6	P@7	P@8	P@9	P@10	MAP
10	0.4968	0.4427	0.4098	0.3838	0.3529	0.3248	0.3021	0.2811	0.2626	0.2484	0.5099	
2	0.4295	0.3974	0.3825	0.3654	0.3474	0.3173	0.2903	0.2692	0.2514	0.2391	0.4638	
1	0.3885	0.3631	0.3567	0.3296	0.3159	0.2962	0.2730	0.2540	0.2392	0.2248	0.4402	
0.2	0.4522	0.3758	0.3588	0.3455	0.3248	0.3079	0.2821	0.2667	0.2484	0.2350	0.4651	
0.5	0.5287	0.5064	0.4628	0.4363	0.4089	0.3747	0.3540	0.3360	0.3135	0.2962	0.5393	
Avg	0.45914	0.41708	0.39412	0.37212	0.34998	0.32418	0.3003	0.2814	0.26302	0.2487	0.48366	

Performance on training set
Para	NDCG@1	NDCG@2	NDCG@3	NDCG@4	NDCG@5	NDCG@6	NDCG@7	NDCG@8	NDCG@9	NDCG@10	MeanNDCG
10	0.3652	0.4022	0.4299	0.4502	0.4690	0.4828	0.4850	0.4599	0.2372	0.2410	0.4859	
2	0.3956	0.4310	0.4631	0.4860	0.4995	0.5095	0.5159	0.4815	0.2513	0.2559	0.5142	
1	0.3915	0.4406	0.4643	0.4845	0.5063	0.5148	0.5232	0.4768	0.2385	0.2437	0.5138	
0.2	0.3582	0.3940	0.4220	0.4426	0.4675	0.4788	0.4868	0.4530	0.1974	0.2009	0.4750	
0.5	0.3504	0.3803	0.4043	0.4292	0.4484	0.4620	0.4672	0.4405	0.2096	0.2129	0.4630	
Avg	0.37218	0.40962	0.43672	0.4585	0.47814	0.48958	0.49562	0.46234	0.2268	0.23088	0.49038	

Para	P@1	P@2	P@3	P@4	P@5	P@6	P@7	P@8	P@9	P@10	MAP
10	0.4374	0.4183	0.3921	0.3646	0.3473	0.3294	0.3069	0.2887	0.2694	0.2533	0.4752	
2	0.4607	0.4406	0.4204	0.3928	0.3626	0.3372	0.3154	0.2954	0.2777	0.2614	0.4997	
1	0.4681	0.4479	0.4184	0.3941	0.3715	0.3436	0.3191	0.2987	0.2790	0.2638	0.4987	
0.2	0.4319	0.3957	0.3787	0.3553	0.3362	0.3110	0.2878	0.2697	0.2508	0.2364	0.4662	
0.5	0.4128	0.3809	0.3610	0.3468	0.3272	0.3060	0.2833	0.2657	0.2470	0.2315	0.4528	
Avg	0.44218	0.41668	0.39412	0.37072	0.34896	0.32544	0.3025	0.28364	0.26478	0.24928	0.47852	

